------- output data :-----------

Volcano data analysis 
[ with Earthquake & Tsunami status ]:

-----------------------------------


lat
Out[174]: 
0     -30.200
1      30.780
2      11.984
3      -5.580
4      14.002
5      15.130
6      40.821
7      -5.358
8      56.530
9     -45.900
10     46.200
11     56.170
12     56.880
13     36.404
14     60.480
15    -38.820
16     -5.580
17     15.130
18     -1.467
19     -0.677
20    -29.270
21     36.404
22     -2.380
23     37.734
24     53.420
25     12.242
26     36.404
27    -16.250
28     61.380
29     40.821
 
803    -8.420
804    32.880
805    37.734
806     3.170
807    14.473
808    -7.200
809    40.827
810   -15.400
811    -7.542
812     3.170
813    -3.620
814    13.257
815    36.620
816    19.425
817    -3.620
818    -8.058
819   -15.400
820    19.425
821    14.473
822    19.425
823    -4.100
824   -16.250
825    -6.102
826    37.734
827    -4.100
828     3.170
829    -5.050
830    -4.100
831    38.789
832    38.789
Name: Latitude, Length: 833, dtype: float64

lon
Out[175]: 
0     -178.470
1      130.280
2      -86.161
3      150.520
4      120.993
5      120.350
6       14.426
7      147.120
8     -158.800
9      -72.970
10    -122.180
11    -159.380
12    -158.170
13      25.396
14    -152.750
15     176.000
16     150.520
17     120.350
18     -78.442
19     -78.436
20    -177.920
21      25.396
22     147.350
23      15.004
24    -168.130
25     -86.342
26      25.396
27     168.120
28    -141.750
29      14.426
  
803    116.470
804    131.100
805     15.004
806     98.392
807    -90.880
808    109.920
809     14.139
810    167.830
811    110.442
812     98.392
813    144.620
814    123.685
815    138.550
816   -155.292
817    144.620
818    114.242
819    167.830
820   -155.292
821    -90.880
822   -155.292
823    145.061
824    168.120
825    105.423
826     15.004
827    145.061
828     98.392
829    151.330
830    145.061
831     15.213
832     15.213
Name: Longitude, Length: 833, dtype: float64
