------- output data :-----------

Volcano data analysis 
[ with Earthquake & Tsunami status ]:

-----------------------------------

       Month
Year        
-4360      0
-4350      0
-4050      0
-4000      0
-3580      0
-3550      0
-2420      0
-2040      0
-1900      0
-1890      0
-1860      0
-1750      0
-1645      0
-1610      0
-1550      0
-1460      0
-1370      0
-1050      0
-1010      0
-455       0
-250       0
-197       0
-150       0
-141       0
-100       0
-50        0
 46        0
 50        0
 60        0
 79        1
     ...
 1990     10
 1991      7
 1992      7
 1993      9
 1994      7
 1995      6
 1996      6
 1997      9
 1998      3
 1999      5
 2000      5
 2001      4
 2002      5
 2003      1
 2004      3
 2005      3
 2006      7
 2007      4
 2008      4
 2009      2
 2010      9
 2011     10
 2012      3
 2013      8
 2014      6
 2015      6
 2016      5
 2017      8
 2018     14
 2019      6

[357 rows x 1 columns]
--------------------------------------

Total number of Volcanoes = 
 Month    705
dtype: int64
